$ 1 0.000005 10.20027730826997 78 5 50 5e-11
t 656 384 736 384 0 -1 -0.5737364673814849 -0.6035374546115895 100 default
t 464 384 400 384 0 -1 0 -0.18353745461158955 100 default
f 576 336 576 272 33 1.5 0.02
172 320 272 272 272 0 7 4.62 5.5 0 0 0.5 Vbus
r 400 448 400 544 0 10000
r 736 464 736 544 0 10000
g 544 560 544 608 0 0
w 512 384 656 384 0
w 400 400 400 448 0
w 400 448 512 448 0
w 512 448 512 384 0
w 464 384 512 384 0
w 736 400 736 464 0
w 736 464 576 464 0
w 576 464 576 336 0
w 400 544 544 560 0
w 544 560 736 544 0
s 320 272 400 272 0 0 false
w 400 272 400 368 0
w 400 272 560 272 0
w 592 272 736 272 0
s 736 272 816 272 0 0 false
172 816 272 896 272 0 7 5.04 6 0 0 0.5 Vext
w 736 272 736 368 0

